Puzzle 1	1,3,4,5,6,8,10,12,13,14,16,18,19,21,23
Puzzle 2	2,5,7,8,9,11,13,14,17,19,22,24
Puzzle 3	1,2,3,4,6,7,8,9,13,14,16,17,18,20,21,22,23,24,25
Puzzle 4	1,2,3,5,6,8,12,15,16,18,20,21,23
Puzzle 5	4,6,9,15,16,17,18,23
Puzzle 6	2,3,4,5,6,9,10,11,13,15,18,19,20,23,25
Puzzle 7	3,6,9,10,11,13,18,19,24
Puzzle 8	1,2,5,8,10,11,13,16,19,20,22,23,25
Puzzle 9	1,2,5,6,7,8,9,11,14,15,16,18,21,22,24,25
Puzzle 10	1,2,3,4,5,6,7,8,10,11,13,14,15,16,19,20,22,23,24,25
Puzzle 11	1,4,5,6,8,13,15,16,17,20,21,23,24
Puzzle 12	2,3,4,5,6,9,10,11,13,14,18,20,22,23,24,25
Puzzle 13	2,3,5,6,10,11,13,14,17,18,19,21,24
Puzzle 14	1,2,3,4,6,7,8,13,15,16,18,21,23,24
Puzzle 15	5,6,7,8,9,14,16,17,18,19,21,22
Puzzle 16	1,3,4,6,7,10,11,12,13,15,19,21,23
Puzzle 17	3,5,11,12,13,14,15,16,18,20,22,23
Puzzle 18	1,3,5,6,8,9,10,11,12,17,19,20,22,25
Puzzle 19	2,3,6,8,9,12,13,15,16,20,23,24
Puzzle 20	3,5,7,8,12,13,15,16,18,20,21,22,23,24
Puzzle 21	4,6,12,13,14,19,22,23
Puzzle 22	1,3,4,5,7,8,9,12,14,15,16,18,21,22,24,25
Puzzle 23	1,2,4,6,7,9,11,12,13,15,16,17,18,21,23,24
Puzzle 24	1,3,6,7,9,10,15,16,17,20,21,23,24
Puzzle 25	3,7,8,9,11,12,14,15,16,18,19,21,22,23
Puzzle 26	3,5,6,7,8,9,11,14,16,17,18,21,22,23,24
Puzzle 27	2,3,4,5,8,9,10,11,12,19,20,21,23,24,25
Puzzle 28	2,3,6,7,8,9,10,11,12,16,18,24
Puzzle 29	2,4,6,10,11,12,15,16,17,23,24
Puzzle 30	3,5,11,15,16,18,24
Puzzle 31	1,2,4,7,10,12,17,18,19,20,21,25
Puzzle 32	2,8,10,13,15,16,18,19
Puzzle 33	1,2,3,4,7,12,15,17,20,21,22,24
Puzzle 34	1,2,5,6,8,9,14,15,16,20,21,22,23,24
Puzzle 35	1,2,3,5,6,7,8,9,11,12,14,18,21,23,24
Puzzle 36	3,9,12,14,17,18,19,21,25
Puzzle 37	2,4,5,7,8,11,14,15,18,19,22,25
Puzzle 38	1,2,4,5,6,8,11,12,15,17,20,23,24
Puzzle 39	2,4,7,9,11,13,15,17,20,22,23,24
Puzzle 40	3,6,7,9,10,17,18,19,20,24,25
Puzzle 41	3,5,6,7,9,12,14,16,18,20,21,23
Puzzle 42	2,3,5,7,10,13,14,15,16,17,20,23
Puzzle 43	2,4,5,7,9,10,11,14,15,18,21,22
Puzzle 44	1,4,5,7,8,11,12,14,15,16,17,18,20,21,22,23,24
Puzzle 45	2,7,10,14,15,16,19,20,22,24,25,
Puzzle 46	1,3,6,7,9,10,11,12,16,21,22,24
Puzzle 47	1,2,3,4,5,6,9,10,14,16,17,19,23,25
Puzzle 48	1,5,7,8,9,10,11,12,17,19,20,22,25
Puzzle 49	1,2,5,9,11,12,14,17,19,21,22,24,25
Puzzle 50	2,3,4,6,7,8,10,12,15,16,17,18,22,24
Puzzle 51	1,3,4,5,7,8,9,10,12,14,18,19,22,23,24,25
Puzzle 52	1,2,3,4,6,7,8,9,11,14,16,17,18,19,20,21,22,23,25
Puzzle 53	1,2,3,7,8,9,10,11,12,13,15,16,18,23,25
Puzzle 54	3,5,6,7,12,14,15,16,17,20,23
Puzzle 55	3,5,6,7,11,12,14,15,16,20,22,23
Puzzle 56	1,4,6,7,9,11,13,15,16,17,20,21,23,24
Puzzle 57	1,2,4,5,10,11,12,14,15,16,22,23,25
Puzzle 58	2,4,7,8,9,11,13,15,16,17,19,22,24
Puzzle 59	1,2,4,5,7,9,10,11,14,15,20,21,23
Puzzle 60	1,2,4,5,8,11,14,15,16,18,20,21,23
Puzzle 61	1,4,6,7,9,15,16,18,24
Puzzle 62	3,4,5,7,8,9,10,11,13,15,17,18,19,20,23,24,25
Puzzle 63	1,2,3,5,6,7,8,9,10,12,14,16,18,19,21,23
Puzzle 64	2,3,4,5,6,9,10,11,12,13,14,15,17,18,19,21
Puzzle 65	2,5,7,8,9,10,11,12,13,14,19,20,22,23,24,25
Puzzle 66	1,3,4,5,6,8,9,13,14,15,16,17,18,20,21,22,23,24
Puzzle 67	5,8,9,11,12,14,15,19,20,21,23,24,25
Puzzle 68	2,3,5,6,8,12,14,15,17,18,20,21,22,23,24
Puzzle 69	2,5,8,9,10,15,16,17,18,19,23,24
Puzzle 70	1,3,4,6,10,11,12,13,15,22
Puzzle 71	3,9,10,12,15,17,18,20,21,23,24
Puzzle 72	5,6,8,9,11,12,16,17,18,20,21,22,25
Puzzle 73	1,2,4,5,6,7,9,10,11,12,14,15,21,22,24,25
Puzzle 74	1,3,7,9,10,12,16,17,19,21,22,24,25
Puzzle 75	2,3,6,9,10,11,13,16,20,21,22,23,24,25
Puzzle 76	1,3,4,5,6,8,10,11,13,14,16,17,18,19,21,22,23,24
Puzzle 77	4,6,8,9,13,14,15,18,22,23
Puzzle 78	1,2,4,5,8,10,11,12,15,18,20,22
Puzzle 79	2,8,14,16,17,20,23
Puzzle 80	1,3,4,6,8,10,13,14,15,16,17,18,20,21,22,24,25
Puzzle 81	1,2,3,4,6,7,8,9,13,14,16,20,22,23,25
Puzzle 82	1,2,3,4,10,11,12,15,16,17,18,21,24
Puzzle 83	2,3,4,5,7,8,9,10,12,13,16,17,19,20,22,23,25
Puzzle 84	1,2,3,4,5,6,10,11,13,16,17,18,19,20,21,22,23,24
Puzzle 85	2,3,4,5,7,8,10,11,14,18,19,21
Puzzle 86	1,2,3,4,6,7,8,12,15,18,20,21,22,23,24
Puzzle 87	3,6,10,11,12,13,14,15,19,20,21,22,24,25
Puzzle 88	2,3,8,9,11,15,16,19,22,24,25
Puzzle 89	2,4,7,9,10,11,13,15,17,18,19,22,24
Puzzle 90	3,5,7,8,12,13,15,20,22
Puzzle 91	3,5,6,8,11,12,13,15,16,18,19,20,21,22
Puzzle 92	2,4,7,9,11,12,13,15,18,20,21,22,23,24
Puzzle 93	2,3,5,6,8,9,10,11,13,14,15,18,19,21,23
Puzzle 94	3,4,5,7,8,10,11,14,15,19,21,23
Puzzle 95	3,6,7,9,13,14,18,19,20,22
Puzzle 96	1,2,4,5,6,8,10,11,12,13,14,15,16,17,18,20,21,23,24
Puzzle 97	4,6,11,12,13,14,15,18,20,23,24
Puzzle 98	2,3,4,7,10,11,18,19,20,22,23,24,25
Puzzle 99	3,4,10,16,17,18,19,20,22,24,25
Puzzle 100	1,2,3,4,5,6,7,9,10,11,12,14,15,16,18,21,22
Puzzle 101	1,2,5,8,10,11,12,14,15,16,18,20,21,22,23,25
Puzzle 102	1,4,5,6,8,11,12,13,14,17,20,22,25
Puzzle 103	1,2,4,5,6,8,9,10,11,12,13,14,15,16,22,23,25
Puzzle 104	1,6,8,10,11,12,13,14,15,16,18,21,22,23,24
Puzzle 105	1,2,4,6,7,8,10,11,13,14,15,16,17,21,24
Puzzle 106	2,3,6,7,8,10,17,19,22,23,24,25
Puzzle 107	1,2,4,6,7,8,9,11,14,15,17,19,22,25
Puzzle 108	2,3,5,8,10,11,15,20,21,24
Puzzle 109	1,2,3,4,5,6,7,8,9,10,11,16,20,22,23,24,25
Puzzle 110	3,4,6,7,9,11,13,15,16,18,21,24,25
Puzzle 111	2,3,5,9,11,13,17,22,23,24,25
Puzzle 112	5,6,8,14,15,16,20,22,23
Puzzle 113	4,6,7,13,14,16,18,19,24,25
Puzzle 114	1,4,5,7,8,14,16,17,19,23,24,25
Puzzle 115	1,2,3,4,6,7,10,11,15,16,18,23,25
Puzzle 116	3,5,6,7,9,10,11,17,20,22,23,24
Puzzle 117	1,4,5,7,9,13,17,20,21
Puzzle 118	2,4,7,8,9,11,15,18,19,21,25
Puzzle 119	2,6,9,10,14,17,18,19,20,22,24
Puzzle 120	1,2,4,5,7,10,13,15,16,17,18,20,22
Puzzle 121	1,3,6,10,12,14,15,18,19,21,24
Puzzle 122	1,3,4,8,9,10,11,12,13,15,16,18,22,23,24,25
Puzzle 123	1,2,3,6,7,8,10,14,16,18,19,21,22,23,25
Puzzle 124	1,3,4,5,7,9,10,13,15,16,20,21,23,24
Puzzle 125	1,8,10,13,14,19,22,25
Puzzle 126	2,6,7,8,9,10,11,13,14,16,18,19,21,23,24,25
Puzzle 127	3,6,7,8,10,12,14,15,16,17,23,24
Puzzle 128	2,10,11,12,13,15,16,19,21,22,23
Puzzle 129	1,2,3,6,8,9,11,12,14,15,16,17,21,23,25
Puzzle 130	1,2,4,5,6,7,9,10,11,14,16,18,19,20,22,23,24
Puzzle 131	1,5,8,9,10,11,13,14,16,17,18,21,22,24,25
Puzzle 132	1,2,6,8,9,10,11,13,16,17,18,19,21,22,23,24
Puzzle 133	1,2,4,8,9,10,12,13,14,15,16,19,20,21,22,23,24,25
Puzzle 134	2,6,7,9,12,13,14,18,20,21,23,24,25
Puzzle 135	1,2,3,4,5,6,8,10,11,12,13,14,15,16,17,19,20,21,22,24,25
Puzzle 136	1,2,3,4,6,8,10,11,12,13,15,16,18,21,23,25
Puzzle 137	2,4,5,9,12,15,20,21,22,23,24
Puzzle 138	1,3,6,7,9,11,12,14,16,18,19,21,23,25
Puzzle 139	4,5,6,7,8,10,12,13,14,15,16,17,18,20,23,24
Puzzle 140	2,7,10,11,13,14,15,16,19,21,22,23
Puzzle 141	2,3,5,7,8,12,13,14,15,16,17,19,20,22,24,25
Puzzle 142	1,2,3,4,6,7,8,11,12,13,15,21,23,24
Puzzle 143	2,4,7,9,11,18,20,22
Puzzle 144	1,2,4,5,9,10,11,12,14,15,16,17,19,22,23,25
Puzzle 145	5,6,8,9,10,11,12,13,14,15,16,18,19,21,23
Puzzle 146	1,2,3,4,5,6,7,8,9,12,13,15,16,19,21,23,24
Puzzle 147	2,5,6,8,9,11,12,13,15,17,18,19,20,21,22,24
Puzzle 148	1,2,3,4,5,6,7,9,10,12,14,15,17,18,19,20,22,23
Puzzle 149	1,2,4,5,6,7,9,10,11,13,14,15,16,17,18,24
Puzzle 150	2,4,6,7,8,10,11,14,17,19,22,25
Puzzle 151	1,2,4,5,6,7,9,10,12,15,16,18,19,20,21,23,25
Puzzle 152	3,5,6,7,9,10,14,17,21,25
Puzzle 153	1,3,4,5,7,8,9,10,12,13,14,16,17,18,21,22,23,25
Puzzle 154	1,3,4,5,7,8,9,10,12,13,14,17,22,24,25
Puzzle 155	2,6,10,11,13,14,15,16,18,19,21,23,24
Puzzle 156	5,6,8,11,12,15,16,21,23,24
Puzzle 157	1,2,4,6,11,13,14,15,16,17,19,20,21,23,24
Puzzle 158	4,6,7,8,10,13,14,15,16,17,18,23,24
Puzzle 159	1,2,5,7,8,11,15,20,21,23
Puzzle 160	3,6,7,10,11,12,14,16,18,19,25
Puzzle 161	2,8,11,14,20,21,23
Puzzle 162	2,7,10,15,16,18,22,25
Puzzle 163	3,6,7,9,10,11,18,20,22,23
Puzzle 164	6,7,8,10,11,12,13,15,18,19,20,21,23,24,25
Puzzle 165	1,3,5,6,13,14,15,16,18,19
Puzzle 166	1,2,5,7,8,9,12,13,15,16,17,18,19,20,24
Puzzle 167	3,9,10,11,12,14,15,18,21,23,25
Puzzle 168	2,3,7,8,9,10,11,15,16,17,18,20,21,22,23,24
Puzzle 169	2,4,7,9,11,12,13,15,16,22,24,25
Puzzle 170	1,3,4,5,9,10,11,13,14,16,18,20,23,24
Puzzle 171	1,2,3,5,6,12,13,14,15,17,18,19,22,25
Puzzle 172	2,3,6,7,9,10,12,15,17,18,22,23,24,25
Puzzle 173	1,4,9,13,15,16,17,20,22,23
Puzzle 174	1,4,6,9,12,13,15,16,18,22,24
Puzzle 175	2,3,4,5,7,8,12,15,19,20,22
Puzzle 176	1,3,7,9,10,12,14,16,17,18,20,21,22,25
Puzzle 177	3,7,9,13,14,15,17,20,21,23,24
Puzzle 178	1,2,4,5,6,9,13,15,16,19,21,22,23,24
Puzzle 179	1,2,5,8,9,11,12,13,14,15,16,18,20,21,22,25
Puzzle 180	1,3,5,6,9,10,12,16,18,19,20,22,23,24,25
Puzzle 181	2,5,7,8,9,10,11,13,14,15,18,19,20,21,23,24,25
Puzzle 182	2,4,7,10,12,13,20,21,23
Puzzle 183	1,3,5,6,7,12,17,19,20,22,23
Puzzle 184	5,6,8,9,12,14,15,17,18,20,21,22
Puzzle 185	3,6,10,12,13,14,17,18,20,21,22,23,24,25
Puzzle 186	1,3,4,5,6,7,8,9,10,12,15,20,21,22,24
Puzzle 187	4,5,7,14,15,17,20,21,23,24
Puzzle 188	1,2,3,4,6,7,13,14,15,20,21,22,23,24
Puzzle 189	1,2,4,5,6,9,11,12,13,14,15,17,23
Puzzle 190	1,2,3,4,5,6,7,8,9,15,16,17,21,22,23,24
Puzzle 191	3,5,7,9,11,15,19,21,23
Puzzle 192	1,7,9,11,13,15,18,19,20,22,23
Puzzle 193	1,4,7,9,12,15,16,18,19,20,21,25,
Puzzle 194	1,2,3,4,6,7,8,11,13,15,16,19,22,24,25,
Puzzle 195	2,3,4,5,6,8,10,11,12,14,15,17,18,20,22,24,25,
Puzzle 196	1,2,3,6,8,9,11,14,15,16,18,23,25,
Puzzle 197	1,2,4,5,6,8,9,10,11,12,13,15,16,19,21,24,25,
Puzzle 198	1,2,3,5,6,7,8,11,12,13,17,23,24,
Puzzle 199	2,5,7,11,16,19,20,22,23,
Puzzle 200	1,6,7,8,10,11,12,13,15,16,17,19,21,22,23,24,25,
Puzzle 201	3,4,5,6,8,10,12,13,14,20,23,24,25
Puzzle 202	2,5,9,10,12,14,15,16,17,18,22,23,24,25
Puzzle 203	1,4,5,6,8,11,12,13,17,18,19,22,24,25
Puzzle 204	2,3,4,5,7,12,14,15,16,18,19,20,21,23,25
Puzzle 205	1,4,5,7,8,9,11,13,14,16,17,19,20,23,24
Puzzle 206	1,2,5,6,7,10,11,16,17,19,20,21,23,24
Puzzle 207	4,6,8,11,13,16,17,20,21,23,24
Puzzle 208	1,3,5,7,12,14,16,18,19,23
Puzzle 209	1,2,3,7,8,12,18,19,22,23,24,25
Puzzle 210	1,2,5,6,9,11,13,15,20,21,22,23,24
Puzzle 211	3,4,9,12,14,17,18,20,21,23,24,25
Puzzle 212	2,4,6,7,9,11,14,18,20,22,25
Puzzle 213	1,2,3,4,7,11,13,15,16,17,19,25
Puzzle 214	2,3,4,5,9,10,14,15,16,19,20,21
Puzzle 215	1,4,5,6,8,11,15,16,17,18,19,21,22,25
Puzzle 216	4,6,7,8,10,11,13,14,15,16
Puzzle 217	5,7,13,14,16,20,21,22,23,24,25
Puzzle 218	1,3,6,10,11,12,14,15,16,17,19,20,22,23,24,25
Puzzle 219	2,8,11,13,15,18,23,25
Puzzle 220	2,4,7,10,11,12,14,17,21,22,24
Puzzle 221	1,2,3,5,6,7,8,9,13,14,16,17,18,19,21,23,25
Puzzle 222	2,4,8,9,14,15,17,19,22,25
Puzzle 223	4,10,11,13,14,15,16
Puzzle 224	3,6,7,9,10,12,14,17,20
Puzzle 225	1,3,9,13,14,15,17,18,21,22,23,25
Puzzle 226	5,6,9,10,12,13,17,19,21,24
Puzzle 227	3,4,5,7,8,9,11,12,13,15,19,23,24
Puzzle 228	3,4,5,6,7,8,16,19,20,21,23,24
Puzzle 229	2,4,5,7,8,10,11,12,13,15,17,18,21,25
Puzzle 230	1,3,5,7,10,11,12,13,15,16,18,23,25
Puzzle 231	1,2,4,5,8,10,11,13,14,15,17,20,23,24
Puzzle 232	2,3,5,8,11,13,14,15,17,18,20,21,23,24,25
Puzzle 233	1,2,4,5,6,7,9,10,11,12,13,14,15,17,20,21,23,25
Puzzle 234	1,2,6,7,8,9,10,11,14,15,16,22,24,25
Puzzle 235	3,6,7,9,10,11,14,17,18,20,21,22
Puzzle 236	1,3,4,7,8,10,12,13,14,15,17,18,19,25
Puzzle 237	1,3,4,5,8,9,11,13,15,16,19,23,24
Puzzle 238	1,2,4,6,8,11,14,15,16,17,18,19,20,21,22,24,25
Puzzle 239	1,4,6,7,10,13,15,16,17,18,19,21,22,23,25
Puzzle 240	1,3,5,7,8,12,13,17,18,21,22,23,25
Puzzle 241	1,3,4,5,10,12,13,14,15,16,17,18,20,21,22,23,24,25
Puzzle 242	2,4,5,6,7,8,11,12,13,14,15,20,21,22,23,24
Puzzle 243	1,3,4,6,10,11,12,14,17,19,20,22,23
Puzzle 244	3,6,7,8,9,12,16,17,18,19,20,24
Puzzle 245	1,2,3,4,5,6,7,9,10,11,12,15,16,18,21
Puzzle 246	2,6,9,10,11,13,14,16,17,18,20,21
Puzzle 247	5,6,7,8,10,12,13,14,15,16,17,18,21,22,24,25
Puzzle 248	2,5,6,8,10,11,12,15,17,18,20,21,22,25
Puzzle 249	4,6,7,11,15,16,17,18,20,21,23
Puzzle 250	4,6,9,11,12,13,15,17,20,21,23,24
Puzzle 251	3,5,6,10,11,12,17,19,20,22,24,25
Puzzle 252	1,3,6,7,9,11,12,14,15,17,23,24
Puzzle 253	2,4,5,7,10,12,13,18,20,22,24
Puzzle 254	1,3,5,6,9,12,14,18,19,21,24
Puzzle 255	3,4,5,6,7,8,9,10,12,16,17,19,23,25
Puzzle 256	1,2,4,5,6,11,12,13,15,16,18,20,21,22,23,24
Puzzle 257	3,4,5,6,9,10,11,13,15,19,20,22,25
Puzzle 258	1,2,3,4,5,6,8,10,11,12,16,20,21,22,23
Puzzle 259	1,2,3,4,5,6,7,8,9,11,13,14,16,19,20,22,23,24
Puzzle 260	4,9,11,13,14,15,16,17,18,23,24,25
Puzzle 261	1,2,4,12,14,19,20,21,22,23,24
Puzzle 262	1,2,3,5,6,7,14,17,18,19,21,24
Puzzle 263	1,2,3,4,6,8,9,10,11,12,14,15,17,20,21,22,23,24
Puzzle 264	2,4,5,6,7,8,11,13,15,18,21,22,23,24
Puzzle 265	6,7,8,9,10,11,17,19,22,23
Puzzle 266	1,2,4,8,10,11,12,15,17,20,22,24
Puzzle 267	1,2,4,6,8,9,10,11,12,14,15,17,20,22,24,25
Puzzle 268	1,3,6,10,12,14,16,20,23,25
Puzzle 269	1,3,5,6,7,10,12,15,17,18,19,20,22,25
Puzzle 270	1,2,4,5,8,12,13,14,15,18,20,22,24,25
Puzzle 271	2,4,5,6,9,10,11,17,20,21,25
Puzzle 272	3,6,7,10,11,12,14,16,18,23,24
Puzzle 273	2,4,5,8,11,15,16,20,21,22,23,24
Puzzle 274	3,5,6,7,8,9,12,13,14,17,18,19,21
Puzzle 275	1,2,3,4,6,7,8,10,12,13,14,16,18,19,20,21,24,25
Puzzle 276	2,3,4,5,6,11,14,15,17,18,19,20,23
Puzzle 277	2,4,5,6,8,9,10,12,13,14,15,16,17,21,23,25
Puzzle 278	1,2,4,5,10,11,13,14,15,16,17,18,20,24
Puzzle 279	2,4,5,6,7,8,9,12,13,14,19,20,21,23
Puzzle 280	2,5,6,8,10,12,14,18,21,22,23,24,25
Puzzle 281	1,2,3,4,8,11,12,13,14,15,19,22,23
Puzzle 282	4,5,7,9,10,14,18,20,21,23
Puzzle 283	1,2,3,4,5,6,7,8,12,14,16,17,21,22,23
Puzzle 284	1,4,8,9,11,15,22,23,25
Puzzle 285	2,3,7,10,11,13,15,17,18,21,22,23,25
Puzzle 286	2,7,9,10,11,12,13,14,15,16,17,18,19,20,24
Puzzle 287	2,3,4,5,8,12,14,15,17,18,22,24
Puzzle 288	8,9,11,13,14,15,17,18,23,25
Puzzle 289	2,3,5,6,8,9,10,11,14,15,16,18,21,22,23,25
Puzzle 290	1,2,3,5,6,7,10,11,13,16,18,19,20
Puzzle 291	1,2,4,8,11,12,15,17,18,19,21,24
Puzzle 292	1,2,6,7,8,9,10,13,14,15,16,17,18,20,21,22,23,24,25
Puzzle 293	2,4,6,7,8,11,13,18,19,20,21,22,23,24
Puzzle 294	6,7,8,9,10,13,18,19,20,21,22
Puzzle 295	1,3,5,7,11,14,15,18,20,23,24
Puzzle 296	1,4,9,10,11,13,14,16,17,18,20,21,22,23,24,25
Puzzle 297	2,3,4,5,6,7,12,14,17,18,21,22,25
Puzzle 298	3,4,5,6,8,10,11,12,13,16,17,19,20,23
Puzzle 299	2,4,7,8,9,10,11,14,15,16,17,18,19,21,24,25
Puzzle 300	1,2,3,5,8,10,11,12,13,15,18,20,22,23,24
Puzzle 301	1,3,4,5,7,8,10,11,12,13,14,20,23,24,25
Puzzle 302	2,4,8,9,14,15,17,19,20,22,24
Puzzle 303	2,5,9,13,15,17,18,21,23
Puzzle 304	1,2,3,4,5,8,9,10,11,13,15,17,18,22,24
Puzzle 305	4,8,11,12,13,14,16,17,18,21,22,23,24,25
Puzzle 306	1,5,8,9,10,11,12,16,17,18,19,20,23
Puzzle 307	1,3,4,6,7,8,10,11,13,16,18,19,20,21,22,23,24
Puzzle 308	1,3,4,8,9,12,13,14,17,18,19,21,22,24,25
Puzzle 309	1,2,6,8,10,13,16,20
Puzzle 310	1,2,3,5,6,11,12,14,15,17,18,22,24,25
Puzzle 311	3,4,5,6,7,8,9,10,14,15,16,18,20
Puzzle 312	1,2,6,8,9,10,12,14,16,17,18,21,25
Puzzle 313	2,5,6,7,9,10,11,12,15,17,18,19,20,22,24,25
Puzzle 314	1,3,4,7,8,9,14,15,17,19,22,25
Puzzle 315	1,3,7,8,11,12,16,20,21,22,24
Puzzle 316	1,2,3,5,6,7,8,9,11,13,14,16,20,22,23
Puzzle 317	1,2,3,5,6,7,8,12,17,18,22,23,25
Puzzle 318	1,3,5,7,8,10,13,16,17,18,21,22,23,24,25
Puzzle 319	5,7,14,19,20,21,22,24,25
Puzzle 320	2,4,5,7,8,10,12,13,15,16,18,25
Puzzle 321	3,4,8,10,11,17,20,22,23,25
Puzzle 322	1,2,3,5,6,7,13,14,15,16,19,20,22
Puzzle 323	1,2,4,11,12,13,15,16,17,18,21,22
Puzzle 324	1,3,4,7,9,12,14,15,20,21
Puzzle 325	1,2,3,9,13,14,15,17,20,21,24
Puzzle 326	3,5,6,10,11,12,13,15,16,19,20,21,22,24,25
Puzzle 327	2,4,5,6,7,8,11,13,20,21,23,24
Puzzle 328	5,9,11,12,13,15,16,17,18,20,23,24,25
Puzzle 329	1,2,3,4,5,6,8,9,11,12,13,14,15,16,18,20,22,23,25
Puzzle 330	1,4,5,8,9,16,17,18,19,20,24
Puzzle 331	1,4,6,7,8,12,13,14,15,16,22
Puzzle 332	2,3,5,9,10,16,18,20,22,24
Puzzle 333	3,4,6,7,9,10,12,16,21,25
Puzzle 334	1,4,5,9,12,13,14,15,16,17,18,19,20,24,25
Puzzle 335	5,6,7,9,11,15,18,19,20,21,23
Puzzle 336	1,2,6,7,8,10,11,13,14,15,16,17,19,21,22,24
Puzzle 337	1,2,4,5,6,12,14,15,21
Puzzle 338	2,4,7,8,9,10,13,15,17,19,21,23
Puzzle 339	1,2,4,6,9,11,13,14,17,23,25
Puzzle 340	2,4,5,6,8,11,12,15,16,17,18,19,20,21,23,24
Puzzle 341	2,4,5,6,9,11,12,14,15,17,18,20,21,22,25
Puzzle 342	1,4,5,6,7,12,13,15,19,20,22,23,24,25
Puzzle 343	2,3,5,6,9,11,12,13,14,15,18,21,22,23
Puzzle 344	2,4,6,11,12,14,15,17,18,22,24
Puzzle 345	1,2,3,8,9,10,11,12,13,14,16,17,18,20,23,24
Puzzle 346	3,4,6,8,9,10,11,12,13,19,20,22,24,25
Puzzle 347	1,3,4,9,10,13,14,16,17,18,22,23
Puzzle 348	2,4,8,17,18,20,21,23,25
Puzzle 349	2,4,9,10,13,16,17,19,21,23,24
Puzzle 350	2,3,4,5,6,8,12,13,14,16,17,19,20,21,23
Puzzle 351	2,3,4,5,7,8,13,14,15,16,18,23,24
Puzzle 352	4,5,6,8,10,13,15,20,21,22,23,25
Puzzle 353	1,7,8,9,14,18,20,21,22,23
Puzzle 354	2,4,5,6,9,10,16,20,25
Puzzle 355	3,6,10,11,15,16,17,18,21,24
Puzzle 356	2,4,5,6,7,8,11,12,13,14,15,20,22,23,24,25
Puzzle 357	1,2,3,5,8,9,11,12,13,14,15,17,18,20,21,24,25
Puzzle 358	1,3,4,5,6,9,10,13,19,20,22
Puzzle 359	7,8,10,11,12,14,17,21,24,25
Puzzle 360	1,2,3,5,6,8,11,21,23,25
Puzzle 361	1,3,5,7,8,9,11,12,13,14,16,17,18,24
Puzzle 362	2,4,5,6,8,9,10,12,13,14,16,17,19,20,21,23
Puzzle 363	1,4,5,11,13,18,19,21,22
Puzzle 364	1,2,5,6,7,8,9,11,13,15,16,18,19,24
Puzzle 365	2,6,9,10,13,14,15,17,18,22,24,25
Puzzle 366	1,6,9,10,14,17,19,21,23,25
Puzzle 367	1,4,5,8,10,11,15,17,20,23,24
Puzzle 368	1,2,4,5,6,8,9,10,11,12,13,14,15,19,21,24
Puzzle 369	1,7,8,10,15,21,22,23,24,25
Puzzle 370	3,5,6,11,12,14,15,19,20,22
Puzzle 371	2,3,6,8,11,14,16,18,21,22,23,25
Puzzle 372	2,6,8,9,10,12,20,21,23,24
Puzzle 373	3,4,5,6,10,17,20,21,23,25
Puzzle 374	1,4,6,8,9,11,13,14,16,17,18,22,25
Puzzle 375	2,3,6,7,10,11,16,17,20,21,24
Puzzle 376	1,3,4,7,11,15,17,18,19,20,22,24
Puzzle 377	1,3,4,9,11,13,15,17,18,20,22,23,25
Puzzle 378	2,4,9,10,14,15,18,21,23,24
Puzzle 379	3,4,5,6,7,8,12,15,16,18,20,21,22
Puzzle 380	3,5,6,7,9,10,14,15,16,17,18,19,20,21
Puzzle 381	1,7,8,9,10,11,13,15,16,17,18,19,20,23,25
Puzzle 382	3,5,6,12,13,14,15,17,18,20,23
Puzzle 383	2,4,7,8,10,12,13,14,18,19,21,24
Puzzle 384	1,5,7,8,9,10,11,13,14,17,19,22,23,25
Puzzle 385	2,4,5,7,8,9,10,12,14,15,16,19,20,22,25
Puzzle 386	1,3,5,6,10,12,14,16,21,23,24
Puzzle 387	2,8,10,15,19,21,23,24
Puzzle 388	1,4,6,7,9,10,12,14,15,17,20,22,23,24,25
Puzzle 389	1,2,3,4,6,10,11,13,14,15,16,17,18,19,21,25
Puzzle 390	1,2,4,6,7,8,9,10,12,15,17,19,20,22,24,25
Puzzle 391	1,3,5,7,9,10,11,13,18,19,20,23,25
Puzzle 392	1,2,4,5,8,9,13,16,17,18,23
Puzzle 393	2,5,6,11,13,15,16,17,21,23,25
Puzzle 394	2,4,5,9,11,12,13,15,16,18,19,20,22,24
Puzzle 395	2,5,8,10,11,12,13,16,20,22,25
Puzzle 396	1,2,4,5,8,9,10,12,15,17,19,20,22,23,24
Puzzle 397	1,2,3,4,6,7,11,14,18,19,23,25
Puzzle 398	5,8,9,11,15,16,17,19,25
Puzzle 399	1,4,6,9,10,12,13,15,16,18,21,23,25
Puzzle 400	2,3,6,9,10,11,12,15,17,19,22,25
Puzzle 401	2,4,5,8,10,11,12,13,14,20,23,24,25
Puzzle 402	2,6,8,9,10,11,14,16,17,19,22,23,24,25
Puzzle 403	5,6,8,9,13,14,17,18,20,21,23,25
Puzzle 404	2,3,7,10,12,13,15,19,21,22,23,24
Puzzle 405	1,2,6,8,9,10,12,16,18,20,22,23
Puzzle 406	3,4,6,8,10,11,21,22,24,25
Puzzle 407	2,3,4,7,8,10,11,12,14,15,16,17,18,20,22,23,25
Puzzle 408	3,5,6,7,9,12,14,17,18,21,22,23,24
Puzzle 409	1,2,3,7,8,9,10,11,12,15,17,18,19,20,21,24,25
Puzzle 410	1,4,5,6,7,9,10,14,15,18,19,20,21,24,25
Puzzle 411	2,3,5,7,8,10,14,17,22,23,24,25
Puzzle 412	2,4,8,9,10,12,13,14,15,17,18,19,20,22
Puzzle 413	2,3,9,10,12,13,14,16,17,18,20,23,24
Puzzle 414	3,7,8,10,12,13,14,18,19,20,22,25
Puzzle 415	1,4,5,6,7,8,9,12,14,16,18,21,22,25
Puzzle 416	1,2,4,5,6,8,9,14,15,17,18,19,20,22,24
Puzzle 417	2,3,11,12,18,21,22,25
Puzzle 418	2,3,5,7,8,9,10,11,12,14,15,17,19,21,22,24,25
Puzzle 419	5,8,10,11,12,14,16,21,22,23
Puzzle 420	1,3,5,6,12,13,14,15,17,18,20,22
Puzzle 421	1,2,8,9,11,12,13,14,15,16,17,18,20,21,24
Puzzle 422	2,3,5,6,7,9,11,12,14,17,18,20,21,22,23,25
Puzzle 423	1,2,4,5,7,9,10,13,14,17,20,21,22,25
Puzzle 424	2,3,6,9,10,11,14,15,16,17,19,20,22,23,24
Puzzle 425	1,4,10,11,12,14,15,16,17,20,22,24
Puzzle 426	2,5,6,7,10,11,16,18,19,20,21,22,23,24
Puzzle 427	2,3,5,6,9,15,16,18,21,22,24
Puzzle 428	5,7,8,9,10,11,12,14,19,24,25
Puzzle 429	2,3,4,5,8,11,13,14,18,19,21,24,25
Puzzle 430	1,3,11,16,18,19,22,23,25
Puzzle 431	2,3,4,7,8,9,10,11,12,13,16,21,23,24
Puzzle 432	1,3,5,6,8,10,11,16,17,18,19,20,22,24,25
Puzzle 433	3,4,5,11,12,17,18,19,20,21,23,24
Puzzle 434	4,7,8,9,11,14,15,16,20,21,24
Puzzle 435	3,5,8,9,13,15,16,18,19,20,22,24
Puzzle 436	2,4,7,9,13,14,18,21
Puzzle 437	4,6,7,8,10,11,16,18,19,23
Puzzle 438	1,3,4,6,7,8,12,13,14,16,18,19,21,23,24
Puzzle 439	1,2,3,4,5,6,8,11,14,17,18,19,21,23,24
Puzzle 440	1,2,4,6,7,8,9,10,17,20,21,22,24
Puzzle 441	1,3,5,6,8,9,12,13,14,15,17,18,19,20,21,22,24
Puzzle 442	3,5,6,8,15,18,20,21,25
Puzzle 443	1,2,6,7,8,10,11,13,16,18,19,24
Puzzle 444	3,5,6,7,11,12,13,14,17,18,19,21,23,24
Puzzle 445	4,6,7,8,10,11,12,13,14,18,19,21,23,24
Puzzle 446	1,3,4,6,8,9,10,12,14,15,17,18,20,22,23
Puzzle 447	1,7,8,10,11,12,13,15,17,19,24,25
Puzzle 448	1,2,4,5,6,7,9,10,11,13,16,18,20,22,23
Puzzle 449	1,2,5,9,11,13,14,15,16,18,20,23
Puzzle 450	5,6,8,9,10,13,16,17,21,22,24
Puzzle 451	1,2,5,6,9,12,13,19,20,21,22,24,25
Puzzle 452	1,2,3,4,6,10,13,14,15,16,17,18,19,21,22,25
Puzzle 453	1,3,5,7,17,18,19,20,21,22,23,24,25
Puzzle 454	1,2,4,6,7,8,9,10,15,16,18,20,21,23,25
Puzzle 455	2,5,8,9,11,12,13,14,18,20,21,23
Puzzle 456	2,3,4,9,10,12,15,16,17,18
Puzzle 457	1,3,4,9,11,12,19,21,25
Puzzle 458	1,3,4,10,11,15,17,18,19,20,22,23,24
Puzzle 459	2,4,8,13,16,18,20,21,23,24
Puzzle 460	1,5,6,9,10,14,16,20,22,23,24,25
Puzzle 461	1,3,5,7,8,14,15,17,18,19,20,21,23,24
Puzzle 462	1,3,5,8,11,13,14,15,16,18,19,20,21
Puzzle 463	1,2,3,4,5,6,9,14,15,16,17,18,19,21,25
Puzzle 464	3,4,5,6,8,9,11,12,13,14,16,18,19,21,22,25
Puzzle 465	1,3,5,6,9,11,13,15,16,17,18,19
Puzzle 466	3,4,6,7,9,12,14,15,16,18,20,22,25
Puzzle 467	1,3,5,6,8,10,11,12,13,14,15,18,21,22
Puzzle 468	2,5,6,8,11,12,17,19,20,21,22,24,25
Puzzle 469	1,2,4,5,7,8,12,15,16,17,18,19,20,21,23,24
Puzzle 470	7,8,9,10,14,18,20,21,24,25
Puzzle 471	4,6,7,8,11,12,13,14,15,17,20,22,23
Puzzle 472	1,2,4,5,8,9,13,15,17,22,24,25
Puzzle 473	1,3,5,6,7,11,12,13,14,16,17,18,19,20,22,23
Puzzle 474	3,5,6,10,11,12,15,16,17,21,24
Puzzle 475	2,3,5,6,7,8,10,11,12,16,18,20,21,23,24
Puzzle 476	2,3,6,7,11,13,15,16,20,21,23
Puzzle 477	2,3,4,5,9,11,15,19,21,22,23,24
Puzzle 478	3,5,9,11,13,16,19,23
Puzzle 479	1,2,6,7,10,16,18,20,23,24,25
Puzzle 480	3,5,6,9,12,15,16,17,19,21,24,25
Puzzle 481	4,5,6,7,8,9,10,13,14,18,19,22,23
Puzzle 482	3,5,7,10,11,13,20,22,24
Puzzle 483	1,3,4,7,9,10,11,15,16,17,19,20,23
Puzzle 484	3,6,8,10,11,12,13,14,18,25
Puzzle 485	2,3,4,6,9,10,11,15,16,17,18,19,20
Puzzle 486	1,3,4,6,8,11,12,14,18,21,23,24,25
Puzzle 487	1,3,4,5,13,14,16,17,19,22,24
Puzzle 488	1,2,3,5,6,9,11,13,19,21,22,24,25
Puzzle 489	3,4,5,6,8,10,11,12,13,14,15,16,19,20,22,25
Puzzle 490	1,3,7,8,10,13,16,17,18,20,22,23
Puzzle 491	1,2,3,4,5,6,7,8,9,11,12,13,17,23
Puzzle 492	1,3,5,7,10,17,20,22,23,24
Puzzle 493	1,3,5,6,7,10,11,12,16,17,18,19,24,25
Puzzle 494	1,5,6,7,8,11,16,17,19,20,21,23
Puzzle 495	1,4,5,7,8,9,12,13,14,15,18,19,20,21,23,25
Puzzle 496	2,4,5,6,7,8,10,11,12,13,15,17,18,20,21,22,24,25
Puzzle 497	1,2,3,5,7,12,17,18,22,23,25
Puzzle 498	1,2,4,10,11,13,16,21,24
Puzzle 499	4,6,7,8,13,14,16,17,18
Puzzle 500	1,5,7,8,11,13,16,19,24
Puzzle 501	1,2,8,13,14,15,16,17,19,22,23,24
Puzzle 502	2,4,6,10,13,14,17,19,23,25
Puzzle 503	1,3,7,9,10,12,15,16,18,20,21,24,25
Puzzle 504	1,4,6,9,13,14,15,16,18,20,22,23,24
Puzzle 505	1,3,6,14,15,16,18,20,24
Puzzle 506	1,2,3,5,8,9,12,14,15,18,19,21,24
Puzzle 507	2,3,5,7,9,10,12,17,19,21,22,24
Puzzle 508	1,2,3,4,10,12,14,19,20,21,22,25
Puzzle 509	2,3,5,7,8,9,12,13,14,15,17,19,20,22
Puzzle 510	1,4,8,12,13,14,15,16,17,18,19,20,21
Puzzle 511	6,8,10,12,16,19,21,22,23,24
Puzzle 512	1,3,4,7,8,13,14,15,16,17,19,20,21,23,25
Puzzle 513	1,8,9,15,17,18,19,20,21,23,24
Puzzle 514	2,5,6,7,10,11,12,13,14,15,17,18,19,22,23,25
Puzzle 515	3,5,6,7,10,11,14,17,20,21,23,24,25
Puzzle 516	1,2,3,4,5,6,7,8,10,12,14,15,16,17,20,21,23
Puzzle 517	1,2,3,5,8,9,10,11,12,14,19,24,25
Puzzle 518	1,2,3,4,9,10,12,15,16,17,18,22,23
Puzzle 519	1,2,3,5,6,10,12,13,15,16,17,18,19,20,21,22,23,24
Puzzle 520	3,5,8,9,10,11,17,20,21,24
Puzzle 521	1,2,4,5,6,8,9,11,13,14,15,16,17,25
Puzzle 522	1,3,10,13,15,16,17,18,19,20
Puzzle 523	4,5,6,7,8,10,11,15,16,17,19,24,25
Puzzle 524	3,5,9,10,11,13,14,16,19,24
Puzzle 525	1,2,5,7,8,11,12,14,15,16,18,20,22
Puzzle 526	1,2,3,5,6,7,9,10,11,12,13,14,18,19,20,21,22
Puzzle 527	2,4,5,6,9,10,11,13,14,16,17,18,25
Puzzle 528	1,2,5,6,15,16,19,20,22,23,24
Puzzle 529	2,5,6,7,8,11,12,13,18,20,21,24
Puzzle 530	1,3,4,5,7,10,12,14,15,16,18,19
Puzzle 531	1,2,3,4,5,6,10,13,14,16,19,20,21,23,24,25
Puzzle 532	1,4,8,9,10,11,12,13,14,15,16,21,23,24
Puzzle 533	1,2,4,5,8,12,13,15,16,17,18,19,20,23,24,25
Puzzle 534	1,6,8,9,10,11,12,16,17,18,20,23,24
Puzzle 535	3,5,6,8,9,12,13,20,21,23,25
Puzzle 536	3,4,6,12,15,16,17,18,19,20,21
Puzzle 537	6,7,9,10,11,12,14,16,18,20,23,24
Puzzle 538	1,3,5,6,7,10,11,12,14,16,17,20,25
Puzzle 539	1,4,8,10,13,15,16,20,23,24
Puzzle 540	1,3,5,8,9,10,11,13,14,16,17,18,19,21,22,23,24,25
Puzzle 541	1,2,5,6,7,8,9,15,18,20,23,24,25
Puzzle 542	1,2,3,4,8,9,10,11,12,14,15,17,21,22,23,24
Puzzle 543	5,6,7,8,12,13,14,15,17,23
Puzzle 544	5,6,15,16,18
Puzzle 545	1,2,3,4,5,6,8,11,12,14,15,20,21,22,24,25
Puzzle 546	1,2,7,8,10,11,13,15,18,19,20,21,22
Puzzle 547	3,7,9,10,13,19,21,22,24,25
Puzzle 548	1,3,5,9,13,14,15,16,17,20,21,22,23,24,25
Puzzle 549	3,4,6,8,13,14,15,16,18,19,25
Puzzle 550	3,4,6,7,9,11,12,13,15,18,21,22,23,24,25
Puzzle 551	2,5,11,13,16,18,19,21,22,23,25
Puzzle 552	1,2,4,5,6,8,10,12,13,16,17,18,20,24
Puzzle 553	1,2,3,4,5,8,9,10,11,12,13,15,16,18,19,20,22
Puzzle 554	1,3,5,6,7,8,9,10,12,14,16,17,20,23,24,25
Puzzle 555	2,3,4,5,6,7,10,13,17,18,19,20,21,23
Puzzle 556	2,3,4,5,6,15,16,20,21,24
Puzzle 557	1,3,4,5,7,8,10,11,16,18,19,21,23,25
Puzzle 558	7,8,9,12,13,15,16,18,20
Puzzle 559	1,3,4,5,11,13,14,15,19,22,25
Puzzle 560	5,6,10,14,15,17,19,21,22,24
Puzzle 561	1,2,3,7,8,9,11,12,13,14,17,21
Puzzle 562	2,5,6,9,12,15,17,18,20,22,23,25
Puzzle 563	2,3,4,5,8,10,11,12,16,17,18,22,23,24,25
Puzzle 564	4,6,7,10,12,13,14,16,20,24
Puzzle 565	2,3,4,6,10,13,14,19,23,24
Puzzle 566	1,2,6,9,10,11,12,16,18,19,21,23,25
Puzzle 567	1,2,3,5,8,14,15,17,20,21,23,24,25
Puzzle 568	1,4,5,10,11,14,15,16,18,19,20,21,23,24
Puzzle 569	1,2,4,5,6,7,8,9,11,12,13,15,16,17,21,22,24
Puzzle 570	1,2,4,5,7,9,11,12,16,17,18,21,25
Puzzle 571	1,2,4,5,6,10,12,13,17,18,19,20,21,23
Puzzle 572	1,3,6,8,10,14,15,17,19,20,24
Puzzle 573	1,3,5,7,8,9,12,15,16,19,21,24
Puzzle 574	1,2,6,8,11,12,15,17,18,21,24,25
Puzzle 575	5,6,12,14,15,16,17,23
Puzzle 576	2,5,8,10,11,12,14,15,16,17,19,21,23,24
Puzzle 577	1,3,4,7,8,11,14,15,17,18,21,24,25
Puzzle 578	1,3,6,7,8,10,12,14,16,17,21,24,25
Puzzle 579	5,7,8,9,10,11,12,17,18,19,20,23,24
Puzzle 580	1,2,3,5,6,9,12,14,16,18,19,21,22,23,24
Puzzle 581	5,7,9,13,16,17,18,19,20,21,23
Puzzle 582	1,6,7,13,14,15,17,18,20,22,23,24,25
Puzzle 583	2,6,7,8,9,12,15,16,17,18,23,25
Puzzle 584	2,5,6,7,10,11,14,19,21,22,23,24,25
Puzzle 585	1,2,3,6,10,11,12,13,14,15,17,18,19,20,21,23,24
Puzzle 586	2,4,5,8,9,11,15,16,18,19,20,22,23
Puzzle 587	1,2,5,10,14,16,19
Puzzle 588	2,6,9,15,16,17,19,22,23,25
Puzzle 589	4,6,7,10,12,13,20,23
Puzzle 590	1,3,5,6,9,10,11,17,18,20,21,22,24
Puzzle 591	2,3,5,6,7,8,9,11,13,14,18,21,24
Puzzle 592	4,5,6,9,10,12,16,17,18,20,24
Puzzle 593	1,3,7,9,10,12,13,14,15,16,17,18,19,24,25
Puzzle 594	2,3,4,6,8,10,12,15,16,18,19,20,23
Puzzle 595	1,2,5,7,8,9,11,20,21,23,24
Puzzle 596	1,3,6,8,10,11,12,13,18,19,20,23,24
Puzzle 597	1,2,3,5,8,9,12,17,19,20,22,23,24
Puzzle 598	2,5,9,12,13,15,16,17,19,20,23
Puzzle 599	1,3,7,8,9,10,11,12,14,20,22,23,24
Puzzle 600	2,9,10,13,14,15,19,21
Puzzle 601	1,3,7,9,10,12,14,15,16,19,21,25
Puzzle 602	2,3,5,7,10,11,14,15,20,22,23,24,25
Puzzle 603	1,2,6,7,8,9,11,12,14,15,18,20,21,24
Puzzle 604	4,7,8,9,12,17,20,22,24
Puzzle 605	1,8,10,14,17,22,25
Puzzle 606	2,5,6,7,10,11,12,14,17,18,21,23
Puzzle 607	1,3,5,6,7,8,12,13,16,19,20,23,24
Puzzle 608	1,2,3,4,9,12,16,17,18,22,23,25
Puzzle 609	3,5,6,12,13,14,15,16,18,19,20
Puzzle 610	1,2,3,8,12,13,14,15,16,17,21,22,25
Puzzle 611	3,5,6,8,11,13,14,15,20,21,24
Puzzle 612	2,3,4,5,6,8,10,14,20,21,22,23
Puzzle 613	1,2,3,4,5,6,7,8,10,11,12,14,15,16,17,20,21,22,24,25
Puzzle 614	2,3,5,7,9,12,15,18,19,21,23,25
Puzzle 615	1,4,5,6,9,12,13,14,16,17,21,22,25
Puzzle 616	2,4,6,10,12,13,16,18,20,25
Puzzle 617	1,5,6,11,12,14,15,20,21,22,24,25
Puzzle 618	2,3,9,10,11,12,15,16,22,25
Puzzle 619	6,10,11,18,19,22,23
Puzzle 620	1,2,3,4,5,8,9,10,11,13,15,17,19,20
Puzzle 621	1,3,5,7,11,12,13,15,21,23,24,25
Puzzle 622	1,3,4,7,9,11,13,15,16,17,18,22,23,25
Puzzle 623	2,4,5,9,10,11,13,15,16,21,22,24
Puzzle 624	2,3,5,6,7,8,9,14,15,19,21,25
Puzzle 625	5,7,11,12,13,14,15,16,17,20,25
Puzzle 626	1,2,3,6,7,8,10,12,13,14,15,16,17,19,21,22,25
Puzzle 627	1,2,3,6,7,10,12,15,16,21,23,25
Puzzle 628	1,2,3,12,15,16,19,22,25
Puzzle 629	3,4,6,7,8,10,11,12,14,16,17,19,22,23,24
Puzzle 630	3,4,6,8,9,11,14,15,17,18,19,22,24
Puzzle 631	1,3,5,7,11,14,15,16,17,18,21,23,24,25
Puzzle 632	1,3,6,10,14,15,16,17,19,20,22,23,24,25
Puzzle 633	1,3,4,5,6,7,9,12,13,14,16,19,23,24
Puzzle 634	4,6,10,14,15,16,20,21,22,25
Puzzle 635	1,3,5,7,11,13,17,18,19,20,21
Puzzle 636	1,2,4,8,10,11,13,16,18,19,20
Puzzle 637	3,5,6,8,9,13,15,18,20,22,24
Puzzle 638	1,2,3,4,7,9,10,17,19,20,21,23
Puzzle 639	5,10,11,12,16,21,22,23,25
Puzzle 640	1,2,3,4,9,10,12,14,15,16,17,18,19,20,22,24
Puzzle 641	1,3,7,10,11,12,15,19,20,22,23,25
Puzzle 642	4,7,8,10,13,14,16,19,24,25
Puzzle 643	3,5,6,9,11,14,18,19,22
Puzzle 644	2,6,9,10,11,12,13,16,17,19,20,22,23,24,25
Puzzle 645	1,3,5,6,7,9,14,15,20,21,24
Puzzle 646	3,4,6,11,13,15,16,21,22,23,25
Puzzle 647	3,4,9,11,13,19,20,22,23,25
Puzzle 648	2,5,7,8,9,12,13,14,15,16,18,19,21,22,23,24
Puzzle 649	6,7,10,11,12,13,15,16,18,21,22,23,24
Puzzle 650	5,6,7,8,9,13,14,16,19,20,22,25
Puzzle 651	2,3,5,6,7,8,9,12,15,17,18,19,20
Puzzle 652	2,3,4,7,8,14,15,16,17,18,20,21,24
Puzzle 653	2,3,4,5,7,8,11,14,21,22,23,25
Puzzle 654	1,2,4,6,7,8,10,11,13,14,16,17,19,21,22,23,25
Puzzle 655	1,2,3,4,5,8,10,12,13,14,15,17,25
Puzzle 656	2,3,4,6,7,9,13,15,16,17,20,22,23,24,25
Puzzle 657	1,2,4,5,6,7,8,11,12,15,16,17,18,19,24
Puzzle 658	3,4,5,6,8,10,12,13,14,15,21,22,24
Puzzle 659	5,8,10,11,12,13,14,17,21,23,25
Puzzle 660	2,3,4,5,7,9,13,18,20,21,23
Puzzle 661	1,3,5,6,7,10,11,12,14,15,17,21,22,23,24,25
Puzzle 662	3,4,6,9,10,12,13,15,16,17,19,21,24,25
Puzzle 663	2,3,11,12,14,16,19,20,24,25
Puzzle 664	2,3,6,7,8,9,10,11,12,14,15,16,18,19,20,23,24
Puzzle 665	2,3,6,7,9,10,11,12,13,15,18,20,21,24
Puzzle 666	1,2,5,6,10,11,12,16,19,23,24
Puzzle 667	2,3,6,7,10,17,21,22,23,25
Puzzle 668	1,5,8,14,17,18,21,22,25
Puzzle 669	1,2,3,4,5,6,7,10,12,13,15,17,19,21,22,23,24,25
Puzzle 670	5,7,9,10,13,16,22,24,25
Puzzle 671	1,6,7,10,13,15,18,19,20,21,23,25
Puzzle 672	4,6,7,10,11,12,14,17,21,23,24
Puzzle 673	1,3,5,8,9,11,13,15,16,19,21,22,23,24,25
Puzzle 674	1,5,12,15,16,18,22,23,25
Puzzle 675	1,4,6,8,11,12,15,17,19,25
Puzzle 676	1,3,4,9,10,11,13,14,19,20,21,22,23
Puzzle 677	2,4,9,12,14,15,19,22
Puzzle 678	1,2,3,5,11,12,16,18,19,22,24,25
Puzzle 679	3,4,8,9,10,13,15,21,24
Puzzle 680	1,2,3,4,6,8,11,12,14,19,22,24
Puzzle 681	1,2,3,9,10,11,13,15,17,18,19,21,25
Puzzle 682	1,3,5,9,11,12,13,16,17,23,24,25
Puzzle 683	7,9,10,14,15,17,21,23,25
Puzzle 684	1,2,7,8,9,10,12,13,18,19,20,21
Puzzle 685	3,4,6,12,14,15,16,17,21,24,
Puzzle 686	2,4,9,11,12,14,17,18,20,21,23
Puzzle 687	1,4,7,10,11,14,16,19,21,22
Puzzle 688	1,5,7,8,11,13,14,18,21,25
Puzzle 689	3,4,6,8,10,13,15,16,22,25
Puzzle 690	1,4,6,11,12,13,15,16,18,19,20,21
Puzzle 691	1,2,3,6,8,10,11,12,16,17,18,19,20,21,25
Puzzle 692	1,3,9,11,12,13,14,15,17,20,22,23
Puzzle 693	2,3,4,6,9,12,13,14,16,18,19,20,24,25
Puzzle 694	4,5,6,7,9,10,11,13,18,19,20,23,24
Puzzle 695	2,5,6,7,8,12,16,17,19,20,25
Puzzle 696	1,2,3,4,6,7,9,10,15,16,18,19,21,25
Puzzle 697	4,6,7,8,12,14,21,24,25
Puzzle 698	3,6,12,13,18,25
Puzzle 699	1,2,3,4,6,7,8,10,12,14,16,18,20,21,23
Puzzle 700	3,5,6,8,9,12,14,15,16,21,24
Puzzle 701	1,2,4,6,7,8,10,13,14,16,17,19,20,21,22,24,25
Puzzle 702	2,3,5,7,9,10,12,14,17,19,20,23,24,25
Puzzle 703	1,3,4,7,8,9,12,14,16,17,18,20,21,23,24
Puzzle 704	1,2,3,4,13,14,18,20,21,22,23
Puzzle 705	2,3,5,8,9,10,11,12,13,14,17,18,19,20,22
Puzzle 706	1,2,4,5,7,9,10,11,13,14,15,18,19,22
Puzzle 707	2,3,7,9,10,12,13,14,19,20,21
Puzzle 708	5,6,7,8,11,12,13,16,18,21,22,24
Puzzle 709	2,3,4,7,9,10,12,14,15,16,17,18,20,25
Puzzle 710	1,2,3,4,5,7,8,9,11,12,15,16,17,18,24
Puzzle 711	2,7,10,11,13,14,15,16,18,20,21,22,24,25
Puzzle 712	1,5,7,12,15,23,24,25
Puzzle 713	1,5,8,9,14,18,21,24,25
Puzzle 714	1,3,6,7,8,10,11,15,16,18,19,20,23,25
Puzzle 715	1,4,5,9,10,12,13,17,18,21,25
Puzzle 716	3,4,6,7,9,11,14,16,21,22,24
Puzzle 717	1,2,4,5,7,9,12,15,17,21,23,24
Puzzle 718	1,3,4,8,9,10,12,15,16,18,19,21,25
Puzzle 719	1,2,3,5,11,13,14,15,17,19,20
Puzzle 720	3,4,9,11,12,13,14,15,16,18,19,20,21,24,25
Puzzle 721	1,2,4,7,8,13,14,15,17,20,21,23,24,25
Puzzle 722	1,8,9,13,18,20,22
Puzzle 723	4,6,7,8,10,11,12,13,17,18,22,23,24,25
Puzzle 724	2,4,7,13,16,22,25
Puzzle 725	5,6,7,11,12,14,17,18,19,21,22,23,24,25
Puzzle 726	2,8,10,11,12,16,18,21,22,23,24
Puzzle 727	2,5,8,11,15,18,21,24
Puzzle 728	2,3,6,7,8,11,13,14,15,17,22,25
Puzzle 729	1,3,4,7,9,10,12,14,15,18,21,22,25
Puzzle 730	2,3,4,5,6,7,8,9,11,13,14,15,16,20,23,24,25
Puzzle 731	7,8,9,10,12,14,15,16,17,20,22,23,24,25
Puzzle 732	1,3,5,6,7,8,9,11,14,16,18,19,20,21,22,24,25
Puzzle 733	2,4,5,7,8,12,13,14,15,16,22,23,24
Puzzle 734	1,2,5,8,12,14,15,17,19,20,21,23,24
Puzzle 735	2,4,6,8,15,16,17,20,22,23,24,25
Puzzle 736	2,3,5,7,10,11,14,20,22,24
Puzzle 737	1,8,9,13,14,18,21,24
Puzzle 738	2,3,5,6,7,11,12,14,15,17,20,22,23,25
Puzzle 739	1,2,9,12,14,16,17,20,21,24
Puzzle 740	2,4,6,7,8,9,11,13,15,18,20,21,22,24,25
Puzzle 741	1,2,5,6,7,8,9,11,12,13,15,18,19,21,23,25
Puzzle 742	1,3,4,6,7,10,15,17,18,20,21,22,25
Puzzle 743	2,3,5,7,9,12,13,14,18,19,21,24
Puzzle 744	2,3,7,13,15,16,17,18,21,22
Puzzle 745	2,3,4,7,12,13,14,15,16,17,18,19,25
Puzzle 746	1,10,12,15,19,20,21,22,23,25
Puzzle 747	1,3,4,5,6,8,14,15,16,17,18,21,22,24
Puzzle 748	2,4,5,8,9,12,13,14,16,17,18,20,25
Puzzle 749	2,3,4,7,9,10,12,15,16,17,18,19,20,21,22
Puzzle 750	1,4,6,11,14,18,20,22,24
Puzzle 751	2,5,8,12,13,17,18,25
Puzzle 752	1,3,7,10,11,12,13,14,16,17,19
Puzzle 753	4,5,6,9,13,14,15,16,21,23,25
Puzzle 754	5,6,7,10,13,14,15,17,22,23
Puzzle 755	3,4,8,9,11,12,13,14,20,21,23,25
Puzzle 756	6,7,9,10,12,14,15,16,17,18,21,23
Puzzle 757	1,2,3,5,9,11,15,17,21,23,24,25
Puzzle 758	1,2,4,7,8,15,20,21,22,23,24,25
Puzzle 759	1,3,4,5,10,12,15,17,19,20,21
Puzzle 760	2,6,8,9,12,13,16,17,20,21,22,23
Puzzle 761	1,4,5,6,8,9,11,16,19,20,22,23,25
Puzzle 762	2,4,7,8,9,10,15,19,22,23,24,25
Puzzle 763	1,2,3,4,6,9,11,15,16,17,19,23,25
Puzzle 764	1,3,4,7,8,14,16,17,19,23,25
Puzzle 765	4,5,6,7,8,9,10,11,14,16,17,19,22,23,24
Puzzle 766	1,3,7,8,10,12,13,15,18,20,21,24,25
Puzzle 767	2,5,7,10,12,13,14,16,17,18,19,21,23,24
Puzzle 768	1,3,5,6,11,12,13,14,15,16,18,20,21,22,23,24,25
Puzzle 769	1,3,7,11,12,14,18,20,22,24
Puzzle 770	1,3,4,8,11,12,15,16,19,23,25
Puzzle 771	1,2,4,6,8,10,12,13,14,15,18,19,21,23,25
Puzzle 772	2,3,5,8,11,14,15,17,20,21,23
Puzzle 773	3,5,6,8,13,14,17,22,23,25
Puzzle 774	1,3,5,7,13,14,21,22,23,25
Puzzle 775	5,6,7,8,9,13,15,16,19,20,23
Puzzle 776	1,3,7,8,9,10,12,13,14,15,17,18,20,21,22,24,25
Puzzle 777	2,4,7,9,11,14,17,21,22,24,25
Puzzle 778	1,2,3,4,12,13,16,17,18,19,21,23,24
Puzzle 779	2,5,10,11,15,16,22,25
Puzzle 780	1,2,7,11,12,15,18,19,20,23,24
Puzzle 781	1,5,7,8,12,13,14,15,17,20,21,23
Puzzle 782	2,3,4,6,8,9,18,21,25
Puzzle 783	2,5,6,9,11,13,20,23,24
Puzzle 784	1,3,9,11,12,19,23,25
Puzzle 785	1,2,4,5,6,7,9,10,12,13,16,18,19,20,22,24,25
Puzzle 786	2,3,4,5,13,14,17,18,19,20,22,23,25
Puzzle 787	2,3,5,6,7,11,12,13,14,17,18,21,22,25
Puzzle 788	4,6,10,12,13,18,20,22,24
Puzzle 789	1,5,7,8,9,11,15,16,18,20,21,22,23
Puzzle 790	2,4,5,6,8,9,12,14,15,18,20,23
Puzzle 791	4,5,6,9,13,15,20,23,24
Puzzle 792	4,6,7,8,9,12,13,16,20,22,24
Puzzle 793	1,2,3,5,11,12,13,14,16,18,22,25
Puzzle 794	1,3,4,7,8,9,12,13,14,15,20,22
Puzzle 795	2,5,6,13,15,16,20,22
Puzzle 796	3,5,7,9,10,12,14,16,19,23,25
Puzzle 797	3,4,6,7,10,11,14,15,16,17,18,19,21,22,23,24,25
Puzzle 798	1,5,8,11,13,16,21,24,25
Puzzle 799	1,2,3,6,8,9,10,12,13,14,15,20,21,24,25
Puzzle 800	1,2,4,5,6,8,9,11,12,13,14,15,16,17,18,19,20,24,25
Puzzle 801	2,5,13,14,15,18,20,23
Puzzle 802	1,2,3,6,8,10,11,14,17,18,22,24
Puzzle 803	1,2,5,8,9,15,16,19,21,23,24
Puzzle 804	6,7,9,10,11,12,13,15,18,19,20,24
Puzzle 805	1,3,4,5,6,7,11,12,20,25
Puzzle 806	4,7,8,9,14,16,19
Puzzle 807	1,8,10,12,16,19,20,24,25
Puzzle 808	1,2,3,5,6,9,11,12,16,18,19,20,21
Puzzle 809	2,4,14,15,16,20,22,23,25
Puzzle 810	1,3,4,5,12,13,15,19,21
Puzzle 811	4,6,7,8,9,10,12,16,17,22,24
Puzzle 812	1,2,4,6,7,9,12,13,14,15,16,18,20,21,22,23,24,25
Puzzle 813	1,2,3,6,7,8,9,10,11,12,13,17,19,20,22,24
Puzzle 814	1,3,7,8,9,10,12,15,17,18,25
Puzzle 815	1,2,7,9,12,16,18,25
Puzzle 816	6,9,10,14,15,16,18,19,22,23,25
Puzzle 817	3,5,6,8,9,10,14,17,19,20,23,24,25
Puzzle 818	4,5,6,8,9,12,13,15,16,18,23
Puzzle 819	3,4,5,8,10,12,14,15,16,17,19,20,21,24,25
Puzzle 820	3,4,5,7,10,14,16,17,18,20,21,23
Puzzle 821	1,5,7,9,15,16,20,23,25
Puzzle 822	1,2,5,6,8,11,12,13,15,16,17,20,21,22,24,25
Puzzle 823	2,3,4,6,7,8,9,10,11,12,13,14,15,17,18,21,24
Puzzle 824	1,4,5,7,9,11,13,14,16,18,21,22,23,24
Puzzle 825	1,2,3,5,6,8,9,11,13,14,16,17,18,19,25
Puzzle 826	1,2,4,7,9,10,11,12,13,16,17,18,19,20,21,22,23,25
Puzzle 827	1,5,6,9,10,13,14,15,18,21,24
Puzzle 828	2,5,6,11,12,15,16,17,18,20,25
Puzzle 829	3,5,6,7,8,9,11,12,13,15,19,23,24,25
Puzzle 830	1,3,5,6,7,8,16,20,23
Puzzle 831	1,2,3,4,7,11,14,16,17,20,22
Puzzle 832	1,2,4,5,6,7,9,10,12,14,17,21,22,24,25
Puzzle 833	7,8,10,12,14,16,18,19,21,25
Puzzle 834	1,2,4,8,9,14,20,22,25
Puzzle 835	1,2,9,12,16,17,18,19,21
Puzzle 836	2,6,9,10,11,18,19,20,21,22,23
Puzzle 837	2,5,6,7,13,14,16,25
Puzzle 838	1,3,5,10,12,16,19,21,22,23,25
Puzzle 839	5,6,7,9,11,12,15,17,20,21,22
Puzzle 840	4,5,7,8,10,12,15,19,21,23,25
Puzzle 841	2,5,6,8,9,10,12,14,15,16,19,23,24
Puzzle 842	1,3,4,5,10,11,12,13,15,16,17,18,20,21,23,25
Puzzle 843	3,4,5,6,8,10,11,12,16,17,19
Puzzle 844	2,4,11,16,18,19,20,21,22,23,25
Puzzle 845	5,7,8,11,13,14,15,16,22,25
Puzzle 846	2,3,6,9,14,15,17,20,22,24,25
Puzzle 847	1,5,7,12,14,15,18,19,20,23,25
Puzzle 848	1,2,4,6,7,15,16,19,21,23,25
Puzzle 849	1,4,8,9,16,21,24
Puzzle 850	6,7,8,9,12,17,24
Puzzle 851	3,6,8,11,12,17,19,21,22
Puzzle 852	1,3,4,5,7,8,9,11,12,13,17,19,20,22,24,25
Puzzle 853	1,2,5,6,8,9,11,12,16,17,18,23,25
Puzzle 854	1,2,7,10,12,13,17,19,20,21,22,24
Puzzle 855	1,3,4,5,6,7,11,12,15,16,17,19,21,23,25
Puzzle 856	1,5,9,12,13,21,24,25
Puzzle 857	2,3,4,5,6,7,10,11,12,16,19,20,21,24,25
Puzzle 858	1,7,8,9,10,11,12,13,16,18,19,23,24
Puzzle 859	2,4,8,9,10,15,17,21,23
Puzzle 860	2,4,6,8,10,11,15,17,18,19,22,24
Puzzle 861	4,5,6,7,9,10,11,12,13,17,18,19,20,21,23,25
Puzzle 862	2,5,7,8,9,12,15,16,17,18,19,20,23
Puzzle 863	1,8,12,13,15,16,18,20,22,23
Puzzle 864	5,7,8,9,10,14,17,24,25
Puzzle 865	2,5,8,11,20,23,24
Puzzle 866	1,3,5,6,8,10,12,14,16,18,20,23
Puzzle 867	1,4,5,10,12,13,14,15,18,19,22,23,25
Puzzle 868	1,4,5,6,7,8,9,12,13,14,15,17,19,21,23,24
Puzzle 869	1,4,5,8,9,12,13,14,15,17,20,23,24,25
Puzzle 870	2,3,5,7,11,12,13,14,19,21,24,25
Puzzle 871	3,4,5,7,10,11,12,13,14,15,16,17,19,22,23,25
Puzzle 872	1,2,5,6,7,10,11,14,15,17,18,19,20
Puzzle 873	1,2,3,4,8,10,13,14,16,17,20,21,22,23
Puzzle 874	4,5,7,9,11,14,15,16,18,21,22,24
Puzzle 875	3,4,5,6,10,12,14,15,17,18,19,20,22
Puzzle 876	1,2,4,13,15,17,19,21,23,25
Puzzle 877	1,5,7,11,12,17,21,23,24
Puzzle 878	1,5,7,8,10,11,12,14,15,17,19,22,24
Puzzle 879	1,3,4,6,13,14,15,20,21,25
Puzzle 880	5,7,11,13,14,17,19,23,24
Puzzle 881	1,2,3,9,10,11,14,15,18,19,23,25
Puzzle 882	1,2,6,7,9,12,17,18,21,22,24
Puzzle 883	1,5,6,14,16,17,21,22,25
Puzzle 884	2,3,5,7,9,12,13,19,21,23
Puzzle 885	1,2,5,6,7,8,10,11,12,14,15,18,19,22
Puzzle 886	1,2,5,8,9,13,15,16,17,21,22,23
Puzzle 887	1,2,4,5,6,7,9,10,13,16,17,18,21,25
Puzzle 888	6,8,9,12,13,14,17,18,20
Puzzle 889	1,3,5,7,9,15,22,24,25
Puzzle 890	3,4,6,8,9,12,13,15,16,18,25
Puzzle 891	1,2,5,9,12,13,16,18,22,24
Puzzle 892	2,3,4,6,8,13,14,15,16,20,24,25
Puzzle 893	1,2,3,4,7,8,11,15,18,22,23,24,25
Puzzle 894	4,6,7,8,11,12,13,14,15,16,18,21,22,25
Puzzle 895	1,3,4,5,7,8,9,12,13,15,16,17,19,25
Puzzle 896	2,4,18,19,20,21,25
Puzzle 897	1,5,6,7,10,11,12,14,17,18,20,22,23,24,25
Puzzle 898	2,3,4,5,9,11,13,14,15,16,17,18,21,23,24
Puzzle 899	1,4,6,9,10,13,14,15,16,17,20,21,23,25
Puzzle 900	1,4,5,6,8,9,10,11,12,14,15,17,18,24
Puzzle 901	3,5,6,9,10,13,14,16,17,18,23,24,25
Puzzle 902	1,5,6,7,9,10,11,12,13,14,15,17,19,22,24
Puzzle 903	1,5,9,11,12,16,17,19,20,21,23,24
Puzzle 904	1,5,7,9,16,20
Puzzle 905	4,5,6,9,14,15,16,23
Puzzle 906	1,4,8,14,15,16,18,19,20,22,23,24
Puzzle 907	1,2,3,5,7,9,10,11,12,13,14,15,16,21,22,23,25
Puzzle 908	1,5,6,9,10,14,15,17,19,21,23,24
Puzzle 909	1,3,4,8,9,18,19,21,23,24
Puzzle 910	7,8,9,10,11,12,18,19,20,21,22,23
Puzzle 911	1,2,3,5,7,8,11,16,17,19,22,25
Puzzle 912	1,2,5,9,13,19,21,22,25
Puzzle 913	1,3,4,5,7,10,14,15,16,21
Puzzle 914	1,2,6,7,14,15,16,23
Puzzle 915	1,2,5,7,9,11,12,13,15,17,18,19,20
Puzzle 916	2,4,7,9,11,12,14,15,16,20,21,22,24,25
Puzzle 917	1,2,3,5,6,8,11,15,18,20,21,23,24,25
Puzzle 918	3,5,8,9,10,11,17,19,21,25
Puzzle 919	2,3,5,7,9,11,12,13,15,16,18,21,23
Puzzle 920	5,6,9,15,16,17,18,19,20,23
Puzzle 921	1,3,8,9,10,11,13,15,16,17,18,23,25
Puzzle 922	7,9,13,16,20
Puzzle 923	2,3,5,7,9,11,12,19,21,25
Puzzle 924	7,10,13,16,19,21,25
Puzzle 925	1,3,7,14,15,17,19,21,24,25
Puzzle 926	1,2,5,13,14,15,17,21,23
Puzzle 927	1,2,3,7,8,9,10,13,17,18,19,20,21,22,23
Puzzle 928	1,4,6,13,16,21,24
Puzzle 929	1,4,5,7,19,21,22,25
Puzzle 930	6,7,8,9,14,15,16,18,19,21,22,23
Puzzle 931	2,5,6,7,9,11,17,18,21,22,23,25
Puzzle 932	1,5,7,10,11,13,18,23,25
Puzzle 933	1,2,3,5,8,12,15,16,18,19,20,21
Puzzle 934	1,3,5,8,13,18,21,23,25
Puzzle 935	1,3,5,6,7,8,9,10,13,16,17,18,19,20,21,23,25
Puzzle 936	5,7,9,11,15,17,19,21
Puzzle 937	1,2,5,7,9,11,12,19,23,25
Puzzle 938	1,3,8,11,15,18,23,25
Puzzle 939	11,12,13,14,15,16,20,21,22,24,25
Puzzle 940	2,4,7,9,11,12,13,14,15,16,20,22,24
Puzzle 941	1,3,5,6,8,10,11,12,13,14,15,18,22,23,24
Puzzle 942	4,7,15,18,20,23,24,25
Puzzle 943	3,4,5,6,7,8,9,15,16,19,20,24
Puzzle 944	1,5,11,12,14,15,17,19,21,22,24,25
Puzzle 945	1,2,4,6,7,15,18,23
Puzzle 946	1,3,5,7,8,9,11,12,13,14,15,17,18,19,21,23,25
Puzzle 947	1,5,6,10,13,17,19,21,25
Puzzle 948	1,5,6,10,13,16,20,21,25
Puzzle 949	3,7,10,17,20,21,23,25
Puzzle 950	3,6,7,8,9,10,11,17,20,21
Puzzle 951	1,3,4,7,15,16,17,18,19,21,24,25
Puzzle 952	1,2,5,7,9,12,15,16,17,20,21,23
Puzzle 953	1,2,4,5,13,16,20
Puzzle 954	1,2,4,6,7,19,20,22,24,25
Puzzle 955	1,2,3,6,8,13,16,18,21,22,23
Puzzle 956	1,3,5,6,8,9,10,11,12,18,22,25
Puzzle 957	1,2,6,7,10,16,19,20,24,25
Puzzle 958	3,6,9,16,19,21,23,25
Puzzle 959	1,3,4,9,11,12,13,14,15,17,22,23,25
Puzzle 960	3,7,8,11,12,13,15,16,19,21,22,23,25
Puzzle 961	1,4,5,7,9,10,11,13,16,17,18,20,23,24,25
Puzzle 962	1,4,5,8,9,10,13,14,17,21,25
Puzzle 963	1,4,5,7,11,16,18,21,22,23
Puzzle 964	1,4,6,15,16,17,18,20,21,23,24,25
Puzzle 965	1,2,5,7,11,12,13,14,15,17,21,22,25
Puzzle 966	3,4,5,6,8,11,12,13,14,15,16,18,23,24,25
Puzzle 967	1,2,4,5,6,7,9,10,13,16,17,19,20,21,22,24,25
Puzzle 968	1,3,5,6,10,13,16,20,23
Puzzle 969	3,5,6,7,8,11,17,19,21,25
Puzzle 970	4,6,9,10,15,16,17,18,19,23,24,25
Puzzle 971	1,3,4,5,10,11,12,14,15,16,21,22,23,25
Puzzle 972	2,9,17,24
Puzzle 973	2,5,9,13,17,24,25
Puzzle 974	1,2,4,5,9,10,16,17,21,22,24,25
Puzzle 975	3,4,5,8,10,13,18,20,23,24,25
Puzzle 976	2,3,4,7,8,9,13,16,17,18,19,20,21,23,25
Puzzle 977	1,4,5,6,8,11,12,14,19,21,23,24
Puzzle 978	2,4,9,14,15,16,17,19,20,22,23,25
Puzzle 979	3,7,8,9,11,12,14,16,19,21,22,24
Puzzle 980	2,5,6,11,12,14,15,16,17,19,24,25
Puzzle 981	1,4,7,11,13,16,17,18,19,23,24
Puzzle 982	3,5,8,11,15,18,21,23
Puzzle 983	4,5,6,7,9,11,12,13,14,15,16,17,19,24,25
Puzzle 984	1,3,5,6,9,16,19,23
Puzzle 985	2,3,6,8,9,10,11,13,15,17,18,21,22,23,25
Puzzle 986	4,7,19,22
Puzzle 987	1,2,4,5,9,14,15,16,20,23,24,25
Puzzle 988	1,2,6,7,9,16,21,24
Puzzle 989	3,4,5,6,7,8,13,14,16,19,20,23,25
Puzzle 990	1,3,4,7,9,14,15,16,19,20,21,25
Puzzle 991	1,2,3,6,8,9,10,16,18,19,20,21,22,23
Puzzle 992	1,2,4,5,13,21,22,24,25
Puzzle 993	2,3,5,6,9,10,11,12,13,14,15,17,22,23,25
Puzzle 994	2,4,9,14,15,17,19,21,23,24
Puzzle 995	1,5,6,9,17,20,21,25
Puzzle 996	1,5,6,10,17,19
Puzzle 997	2,4,7,9,11,12,13,14,15,16,17,19,20,21,25
Puzzle 998	1,2,4,5,9,10,16,19
Puzzle 999	1,3,4,5,8,9,15,17,19,20,21,24
Puzzle 1000	6,7,10,11,12,13,17,19,22,23,25
